10002894
10008281
1003355
1003973
10046
1005695
10249788
10253202
10264272
10276036
10281158
10305649
10305678
1041969
1041983
1041988
1042036
1042111
1042350
1042351
1042352
1042386
1042478
1042479
1042561
1042640
1042707
1042708
1042709
1042767
1044317
1044453
1044772
1044848
1045019
1045020
1045642
1046428
1047309
1047310
1047311
1048013
1048662
1048943
1048977
1049434
1049741
1049793
1049968
1049981
1050152
1050207
1050637
1050677
1050760
1050787
1050829
1050873
1050891
1050902
1050906
10509681
1051266
1051269
1051332
1051566
1051573
1051625
1051640
10517
1051739
1051740
1051741
1051745
1051752
1051757
1051777
1051866
1051873
1051874
10519020
1052124
1052661
1053037
1053046
1053351
1053386
1053387
1054097
1054913
1054914
1056522
1056595
1056596
1056795
1056799
1056800
1056836
1056837
1056892
1057055
1057056
1057909
1057910
1057911
1058164
1058930
1059491
1059751
1059754
1060090
1060091
1060092
1060094
1060095
1060096
1060250
1060253
1060254
1060463
1060896
1061017
1061018
1061040
1061472
1062033
1062136
1063447
1063469
1063556
1063955
1064349
1064845
1064933
1065410
1065411
1065766
1065852
10770865
10797300
1080983
1080985
10841795
10868138
10868153
10882140
10893
10898
10916824
10929302
10929303
11045819
1105880
11083907
1109407
11098261
11150564
11150606
11187270
11211402
11231819
11231820
11231825
11249454
11249460
1126441
11265572
1126670
1126671
1126672
1126692
1126712
1126788
1126790
1126792
1126793
1126798
1126802
1126803
1126804
1128501
1128502
1128503
1130841
1131878
1132054
1134095
1135836
1135840
1136703
4149404
1137070
1137115
1137484
1137486
1137487
1137968
1138272
1138541
1138697
8192730
11401
1140449
1142345
1143663
1143669
1143670
1143671
1143672
11509436
1152003
11538214
11538231
11540137
11540152
11540153
11540636
11541483
11542811
1154400
11546004
11550605
11552130
1155514
11555344
11557218
11559053
11568311
11568314
11568373
11568557
11568563
11568567
11568591
11569679
11569685
11569697
45593738
11569731
11572066
11572080
11572103
11584174
11585690
11678615
11684227
11731028
11764079
11770903
11796837
11807
11811205
11859842
1189466
12012841
12014644
1202183
1202283
12072582
1208
12090418
12094805
12112861
12208357
12233719
12248560
1229983
1229984
12512110
12539
12542233
12659
12680
12685968
12720461
12721613
12721627
12721634
12727968
1275523
1275524
12785832
12823260
12954
12960
1296954
13003
9930567
13032083
13119049
13142440
131713
13197674
13212306
13226149
13242987
13251066
13265049
1326830
13306164
13306699
13306701
13331798
13336384
13337470
13377933
1339067
13397243
1340989
1340990
1347046
1364182
138056
138057
1395
13959
1402467
1442477
1444241
14623
1465829
14700
1473870
149738
149836
15032
1517618
1521808
1530030
1530031
1541290
15506
1565814
1573496
157381
1604741
1621378
1645691
1645694
1678339
16834027
16834034
16840132
16864314
16891138
16936279
16947
1695
16965839
16975056
16993929
17036104
17057255
17064
1709082
17102596
171248
17166761
17173645
17215633
17216156
17216198
17216317
17216887
17222547
17222596
45513891
17222674
17222723
17238351
17244722
17342647
17349424
1736557
1736565
17376848
1751034
17596954
17685
17694469
17708472
17783943
1783811
17838156
17846788
17847914
17851642
17851797
17851798
17851810
17851828
17852027
17852046
17854155
17855058
17855059
17856199
17856663
17863762
17863783
17874942
17876174
17878459
17878544
17879685
17880470
17882539
17882687
17884388
17884712
28399507
17884850
17884982
17885453
17886199
1789915
1799735
1799814
1799835
1799836
1799853
28371674
41400645
1799929
1799930
1799931
1800031
1800440
1800460
1800462
1800465
1800466
1800566
1800584
1800716
3892097
1800822
1801030
45543439
1801158
1801243
1801244
1801246
1801249
1801265
1801266
1801267
1801268
1801272
1801279
1801280
1801282
1802061
1802605
1802606
1803076
1803077
1803079
1803080
1803684
1803687
1803688
1803986
1803987
1805041
1805059
1805061
1805158
1805343
1826909
183574
1845555
186556
1867351
1871450
1873397
1880179
188096
1881668
1883321
1883322
1883323
1884545
1884725
1902023
1920305
1920313
1920314
1966151
1976391
2017319
2020860
2020861
2020863
2020865
2020866
2020868
2020869
2020870
2028985
2031920
2032349
2032581
2032582
2032588
2038067
2043449
2049900
2053098
2056822
2066530
2066532
2066534
2066536
2066853
2069514
2069526
2070672
2070673
2070959
2072200
2072330
2072600
2072671
207440
2074900
2076167
2078267
2097937
2099104
2108622
2109505
212090
212091
2140516
2180314
2190748
2204295
2214102
2223477
2227291
2228099
2228114
2228447
2229103
2229104
2229107
2229109
2229175
2229188
2229381
2230768
2231139
2231142
2234036
2234696
2234697
2234698
2234699
2234700
2234912
2234934
2234951
2234952
2234953
2234955
2235012
2235013
2235015
2235022
2235033
2235036
2235039
2235040
2235044
2235051
2236135
2236553
2236722
2238472
2242046
2242048
2242416
2242480
2256871
2257212
2257401
2266632
2266635
2266636
2266637
2266780
2266782
2267664
2267665
2267667
2267668
2267669
2268873
2268877
2270860
2271437
2272797
2273697
2274405
2274406
2274407
2274827
2274828
2276299
2276707
2277119
2277447
2277448
2277577
2277624
2278970
2279341
28399485
2279343
28399497
2279344
2281593
2281677
2281891
2282143
2283458
2284197
2286824
2287616
2287617
2287622
2287941
2288741
2290272
2291075
2292334
2292566
2292568
2292954
2293616
2295474
2295475
2296241
2296651
2296681
2297322
2297595
2297809
2297810
2298419
2299867
2301157
2301159
2301666
2302387
2302947
2302948
2304461
2304462
2305367
2305801
2306167
2306282
2306283
2307492
2341968
2341970
2359612
2380563
2397118
2405518
246221
2463018
2463437
2468110
2470890
2479390
2501870
2515641
2544794
2545753
2545754
2550915
258751
2602836
2636889
2641806
2644905
2651184
2651185
2653927
2707943
2707944
272879
272893
2738792
2740574
274548
274558
2762934
279941
279942
283413
2835265
2835285
2835286
28360521
28363581
28364274
45456698
28364341
28365062
28365083
28369860
28369895
28369899
28371685
28371686
28371706
28371725
28371759
28374627
28381804
28381867
28381902
28381914
28381915
28381966
28381967
28383468
28383479
28399424
28399433
28399434
28399442
28399444
28399447
28399454
28399468
28399499
28399500
3211371
28399504
28399518
28401798
2841646
2842934
41332952
28451617
284797
2852425
28552921
2856585
2856833
2860840
28693844
2884737
28898617
28900406
28933688
28933689
28934606
28936700
28936701
28940894
28987087
2906890
2906891
2937026
2937027
2952151
296365
305968
3091339
3093105
3093106
3093136
3093153
3100
3116439
3116448
316003
316019
31651
31652
31655
3171182
3177427
3179394
3191214
3201997
3208361
3208363
3209670
3211015
3211193
3213619
3215983
324420
3322
33391
338599
34059508
45476695
34097093
34223104
34260157
34525500
34826503
34828900
4747236
34923393
35010098
35303484
35385682
35385902
35454573
35694136
35719513
35761343
35773040
35867116
35956182
45500801
35979566
36040909
36056539
36060847
36079186
364069
367836
3731680
3731722
3732038
3735354
3736599
3737925
3737926
3738046
3740066
3740070
3740071
3740072
3741303
3742106
3743369
3745219
3745274
3747806
3748930
3748931
3748932
3748933
3748934
3749442
3750266
3750268
3754926
3755162
3755163
3755319
3755320
3755739
3755740
3756067
3758581
3761810
3762894
3764006
3765070
3765534
3770602
3770603
3775770
3784932
3786362
3787537
3787728
3788007
3788010
3798343
3803258
3803390
3805114
3805324
3808607
3810364
3813744
3813867
3814055
3815675
3821242
3822172
3826711
3827653
3828193
3832043
3832694
383400
3834669
3842
3843482
3856650
3856806
3862476
3869579
3885816
3890590
3891219
3893757
3907239
3917464
3917594
3918289
3918290
3918291
405729
4058490
4078
4079366
4079369
4124874
41275018
41279188
41279854
41279857
41291550
41291556
41292949
41292951
41303343
41311778
4135352
41397848
7512729
4147546
4147617
4148254
4148255
4148269
4148271
4148301
4148304
4148310
4148311
4148323
4148356
4148377
4148380
4148400
4148401
4148416
4148460
4148551
4148553
4148554
4148555
4148768
4148770
4148771
4148776
4148777
4148805
4148806
4148807
4148808
4148942
4148943
4148944
4148945
4148946
4148949
4148950
4148951
4148953
4149015
4149056
4149057
4149117
4149143
4149229
4149230
4149416
4149430
4149520
4149521
4149522
4149528
41507953
41557318
417808
418546
4239614
4244285
4245861
425215
4267009
4278009
4292520
4305381
4323304
4327199
4341770
4348159
4360132
4388019
4388282
4398252
4407290
4418728
4515385
4526
4527
4528
4529
4534
4536
4543
45438191
45438494
4544
45441199
45441800
45442294
45446698
45447195
45448593
45448697
45450092
45457593
45458701
45458794
45461198
45462493
45463696
45465393
45466599
45467195
45467495
45467892
45469796
45469996
45472296
8187644
45472392
45472398
45473591
45477091
45478895
45478993
45482591
45482602
45482701
45482799
45483595
45483699
45485801
45487493
45488497
45491496
45494393
45494802
45498393
45498594
45500201
45502302
45502496
45504100
45505600
45507295
45508793
45509196
45511192
45512393
45512894
45513193
45513295
45515197
45516999
45518933
45519040
45520136
45523532
45523637
45523639
45523834
45524431
45525641
45527731
45530932
45531035
45531334
45532537
45533132
45537142
45545032
45545636
45545936
45548538
45549036
45551631
4555908
45562741
45564337
45566039
45568241
45569639
45573733
45573936
45574932
45577232
45577942
45584739
45585132
45586836
45586931
45591037
45592535
45592541
45592837
45593132
4986774
45593941
45595336
45595532
45596335
45604034
45604940
45607933
45607934
45610735
45611232
45611740
45614732
45615136
45618434
45619333
45621431
45621838
45622934
45625338
45627136
45627238
45628337
45628437
458440
4587165
460415
4605294
4632889
4633
4643786
4646
4646201
4646227
4646277
4646278
4646285
4646333
4646412
4646422
4646438
4646474
4646487
4646491
4646523
4646532
4646904
4668115
4679028
4680
4683739
4699735
4713851
4715332
4715333
4715354
4725373
473351
4736312
4783745
4788172
4803381
4803418
4803419
4808326
4809957
4860305
4892538
492338
4925
4926802
4934027
495714
496550
497692
4986782
4986783
4986873
4986888
4986889
4986891
4986893
4986907
4986908
4986909
4986910
4986913
4986931
4986949
4986988
4986989
4986990
4986991
4986992
4986993
4986994
4986996
4986997
4986998
4987076
4987133
4987135
4987161
4987195
4998899
5017237
5017239
5027480
5030655
5030839
5030862
5030863
5030865
5030867
5030868
5030869
5030870
5031015
5031016
506008
5085
512795
5281
5282
5292
5297
5298
5300
530021
5302
5303
5315
533486
5584
562
5621
5622
5623
5624
5625
5626
5627
5629
5630
5639
5643
566362
5760
5761
5762
5763
5764
5768
5769
5770
5771
5787121
5838709
5898283
5908
5909
592792
593421
5937939
5952696
5959130
596909
602946
6067121
6068811
6068812
6068816
6090151
6090189
6090200
609290
609636
6137
6138
6140
6151411
6151422
6160
6162
6163
6164
6187
6189
6190
6192
6193
6194
6195
6196
6197
6199
624249
628031
6324
6405
6413413
6413419
6413420
6413438
6416668
6457813
6457815
6457816
6466854
6521128
6577
6661174
6664
6664553
6670886
6671692
6675198
668871
669884
6706232
671
6710340
6729738
6739225
6755571
6759892
6771233
6774801
6783962
6785049
6792261
6799737
680055
6811453
6828191
6828526
6830685
683369
6843298
6851610
688755
689453
6901410
6906237
6909523
6911817
6913026
6915115
6919734
6921269
6922548
6937483
6940722
6943147
6943420
6962039
6965343
6980478
6987861
7003319
700518
700519
7043492
704930
7056956
7072219
7080681
7081
7087728
7129157
7141505
7169
717620
7200749
7246981
7294
7298982
730720
731027
7311358
7312628
732316
732774
7334118
735320
735716
737497
741817
742350
743572
743616
7436962
7438284
7439366
7483
7484455
7496
7500834
750397
750398
7512785
7513658
7515157
7536646
7541966
7554948
7563233
7563682
757110
7574296
7578587
7586110
7589
7602171
7623741
762551
762563
7636910
7662029
7668258
7684674
7687322
769224
7697037
7739752
7744392
7746988
7746993
7747555
7748890
7751481
7754530
7757196
7758272
7761731
776746
7769719
7770619
7771474
7772754
7785206
7785971
7793861
7797834
7798757
7847
7853758
7867504
7877
7879356
7886938
7889839
7899457
7905939
7917267
7957203
7965963
7972
7987433
800667
8013529
8016634
8018462
8023604
8025045
8042415
8050894
8056298
8057331
8058221
8058694
8058696
8100960
8104361
8110714
8133052
8176344
8176345
8176349
8176350
8176351
8177516
8177517
8177520
818202
8187630
8187661
8187692
8187699
8187706
8187707
8187709
8187710
8187722
8187737
8187751
8187755
8187758
8187779
8187789
8187799
8187821
8187823
8187830
8187832
8187836
8187838
8187840
8187853
8187858
8187863
8187866
8187929
8190858
8191439
8191444
8192488
8192690
8192709
8192719
8192720
8192729
8192833
8192864
8192868
8192874
8192875
8192879
8192907
8330
854560
881671
886205
887241
887829
890293
894469
895729
903247
9036
909530
909921
910795
914189
915909
927344
9282563
9282564
9282565
9282628
9282861
9285726
9332130
9332131
9332239
9332979
9333037
9369629
9381468
939336
9429505
9457846
9474342
953062
960440
9615
9635306
971074
9787901
9816821
9833097
9842091
9859496
9879642
9923231
9934438
998383
